,Price
0,12982.600333333334
1,4641.79
2,16253.891666666665
3,13162.385000000002
4,3865.42
5,13061.91
6,11589.78
7,5599.64
8,4938.6
9,13537.853666666668
10,11960.4225
11,6331.59
12,14328.791333333333
13,9870.96
14,14954.212000000001
15,15762.474999999999
16,8410.93
17,6865.15
18,12900.686166666665
19,13202.346666666668
20,13629.19
21,12885.35
22,12854.182857142856
23,16793.02
24,4735.52
25,12689.523666666664
26,4240.07
27,15260.014166666666
28,13524.255833333335
29,13169.613333333335
30,5161.108666666667
31,8836.915
32,15598.026833333333
33,6746.46
34,5826.284333333332
35,4110.764666666667
36,5141.456833333333
37,15902.951333333333
38,12468.569166666664
39,7607.3
40,3926.100833333333
41,12322.771666666667
42,3321.1546666666663
43,8111.19
44,6833.03
45,3997.762
46,18144.87
47,4035.07
48,5825.611666666667
49,8243.06
50,12641.756666666668
51,7241.83
52,8983.844142857142
53,12190.517833333332
54,3261.068666666667
55,5281.320499999999
56,6076.22
57,9579.049333333332
58,6310.13
59,8931.27
60,9037.36
61,12628.11
62,6254.39
63,7224.44
64,8611.723333333333
65,4237.63
66,5940.59
67,11857.69
68,5190.85
69,12164.19183333333
70,3853.29
71,15948.776166666667
72,12467.221666666668
73,6870.24
74,4678.57
75,7127.8195000000005
76,3691.203333333333
77,14347.63
78,7845.948333333333
79,12440.840833333332
80,3555.35
81,8279.68
82,6687.51
83,4516.53
84,7871.04
85,8264.86
86,3173.5743333333335
87,15515.384166666665
88,4220.0616666666665
89,12002.12880952381
90,12360.92
91,12296.658333333335
92,6378.5
93,8980.03
94,3863.48
95,3494.39
96,13064.22
97,15097.87
98,3648.150111111111
99,11045.17
100,9406.43
101,8800.673333333332
102,13064.14
103,9398.522833333333
104,4769.733333333334
105,10224.72
106,3759.06
107,13644.395
108,8166.79
109,9479.289
110,15579.668333333333
111,15551.071666666665
112,3868.5473333333334
113,5734.126
114,9423.94
115,13521.57
116,12161.408666666666
117,5251.133333333332
118,18866.655
119,9945.7
120,11157.42
121,13665.520666666667
122,4296.47
123,5003.599
124,5222.23
125,14101.804999999998
126,4448.5
127,4797.91
128,6296.28
129,4256.98
130,17102.523333333334
131,6197.5
132,6502.25
133,4407.79
134,5297.92
135,13745.413833333332
136,12582.95
137,3670.7519999999995
138,4938.89
139,8001.91
140,7202.66
141,9811.36461904762
142,15014.649571428568
143,13273.629166666666
144,6980.025
145,7587.19
146,5266.67
147,5775.47
148,11818.26
149,8294.48
150,13494.667333333331
151,12838.3825
152,13391.081666666667
153,5202.457333333334
154,3924.2329999999997
155,4674.923333333333
156,4927.14
157,4632.48
158,12301.778333333332
159,5027.8125
160,6775.775833333332
161,7968.552333333333
162,5641.91
163,3620.35
164,4091.73
165,6802.57
166,12183.47
167,3982.1746666666663
168,6840.3
169,4951.57
170,13684.44
171,15098.067833333334
172,6260.12
173,3942.3
174,12157.969166666668
175,3916.828333333333
176,5212.21
177,10232.176666666666
178,8204.9325
179,12440.840833333332
180,8571.31
181,3988.01
182,3792.027666666667
183,15203.655999999999
184,14143.001333333334
185,12473.11
186,11480.268333333335
187,13547.48
188,6989.69
189,3780.878333333333
190,12714.129238095236
191,12271.64
192,3363.6090000000004
193,7113.27
194,11445.11
195,3977.77
196,11625.582857142857
197,9039.06
198,5218.489
199,6327.14
200,15394.509166666667
201,14208.958333333336
202,6383.9
203,3132.4461904761906
204,6765.35
205,3712.57
206,13070.261666666667
207,15392.798285714283
208,10675.86
209,8383.81
210,6614.1775
211,10723.625
212,11148.1175
213,6196.25
214,23150.98
215,13393.0
216,13948.819166666668
217,13172.5105
218,14039.9725
219,13393.176083333332
220,4137.323333333334
221,5999.28
222,13297.9
223,4124.7
224,4623.943833333333
225,9917.57
226,5028.82
227,3654.1
228,6265.29
229,12882.145
230,12351.03
231,12421.343333333332
232,4855.565
233,20785.919333333335
234,4692.93
235,8150.96
236,18218.34
237,4862.44
238,11295.292333333335
239,6812.44
240,11520.831666666665
241,11545.925
242,15046.89
243,5678.51
244,16163.41
245,17072.165
246,11703.66
247,4883.74
248,11492.917666666666
249,6649.94
250,19807.8225
251,11397.07
252,12959.44
253,7833.83
254,8285.84
255,15542.2925
256,9633.216666666667
257,6588.5375
258,15245.456230158732
259,9088.13
260,13433.61
261,3656.77
262,5493.1
263,9634.596833333335
264,7007.071666666667
265,5746.5
266,17064.81
267,4919.39
268,14063.444166666663
269,14083.815
270,13234.068333333333
271,12551.425
272,4343.03
273,6699.96
274,8996.81
275,3676.7066666666665
276,9683.3
277,13426.125
278,13249.313333333335
279,7056.336666666666
280,6750.64
281,13064.856666666667
282,18920.56
283,8648.36
284,10765.806666666665
285,4817.445
286,5789.31
287,7020.87
288,6137.21
289,9775.09
290,17002.639333333336
291,12469.507142857143
292,14859.59
293,8610.65
294,15392.798285714283
295,12415.86
296,13404.975333333332
297,13748.333333333336
298,5878.825
299,12374.65
300,5146.79
301,4607.675
302,4366.621333333333
303,10050.365
304,13043.713333333333
305,6797.17
306,11854.034
307,4831.003333333333
308,8929.38
309,5496.62
310,4816.63
311,9416.8
312,13602.496000000001
313,13621.125333333332
314,7060.81
315,10376.03
316,7633.81
317,12685.827666666666
318,13390.827500000003
319,8174.9
320,15406.24
321,7501.699166666666
322,6172.42
323,14990.465
324,12114.685
325,4094.11
326,12837.625
327,6908.47
328,7844.06
329,12427.105
330,6900.570833333332
331,5594.44
332,3673.913333333334
333,4253.192
334,5778.99
335,6045.4525
336,15109.125714285714
337,11736.161666666665
338,5682.14
339,13008.77161904762
340,5188.98
341,12196.62
342,14133.56
343,3418.28
344,13348.585
345,4625.58
346,12684.313333333335
347,5299.05
348,11944.050833333335
349,16813.4375
350,16878.22
351,8414.62
352,9441.641333333333
353,13588.05
354,12347.085833333333
355,6890.81
356,18815.079166666666
357,11776.885333333332
358,5480.23
359,10224.28
360,4329.54
361,5384.426666666666
362,4521.090333333334
363,6782.54
364,8376.48
365,8948.4295
366,5415.6475
367,11130.4
368,6570.02
369,11885.455
370,4810.07
371,12085.766976190476
372,3540.4683333333332
373,4120.74
374,13142.778333333332
375,6368.669404761906
376,12711.6275
377,12409.02
378,7128.41
379,6492.78
380,9948.951666666666
381,10390.2945
382,13506.35
383,5380.1
384,5564.88
385,13237.88
386,4566.500333333334
387,3768.8513333333335
388,4470.1
389,13973.023166666666
390,15366.20677777778
391,10656.575714285716
392,3595.84
393,6404.585
394,15944.675
395,6800.6375
396,7355.44
397,6653.198666666667
398,17274.22
399,4171.19
400,13182.731666666665
401,3935.815
402,11979.508333333335
403,4301.768
404,10653.74
405,14647.38131601732
406,4404.7
407,9491.6975
408,16739.11
409,12384.843333333332
410,8468.81
411,3925.078333333333
412,14507.660583333334
413,16038.462571428572
414,14854.7545
415,4309.433333333333
416,14066.09
417,14725.168666666666
418,12904.108833333334
419,8125.72
420,13579.2775
421,4348.62
422,6480.26
423,14091.04
424,15106.578333333335
425,5287.7
426,7729.2155
427,4593.003333333333
428,6005.15
429,12664.573333333332
430,15797.593333333332
431,12914.625
432,4110.41
433,4132.18
434,4277.8133333333335
435,11448.57
436,4575.5633333333335
437,14972.9205
438,13287.443333333335
439,9851.68
440,14347.2825
441,6680.83
442,13945.63983333333
443,3329.6758095238097
444,8212.545
445,7885.34
446,14809.904499999999
447,3709.550333333334
448,15638.2
449,9769.622
450,7202.1
451,12592.524666666668
452,5643.57
453,8812.93
454,15198.68
455,7945.656666666666
456,3925.13
457,12459.230166666668
458,6330.29
459,13961.990833333335
460,19708.29
461,12167.885
462,11655.695
463,11432.251666666667
464,5423.49
465,16259.735
466,7971.44
467,8355.863333333333
468,5796.705
469,13587.86
470,8632.59
471,13127.544166666667
472,4412.51
473,14325.892
474,15263.868333333332
475,6009.87
476,4260.8
477,4998.69
478,6399.295
479,13230.886190476192
480,7832.76
481,13406.06
482,6038.8
483,12501.99
484,11095.55
485,18221.181666666667
486,12991.916666666664
487,6412.5
488,15606.292
489,13771.528999999999
490,9132.24
491,12885.79
492,15269.421666666667
493,14019.992
494,3875.7
495,4089.0
496,16885.1125
497,14809.904499999999
498,6346.94
499,13693.576
500,6204.68
501,15547.034166666665
502,6725.54
503,13735.7125
504,4142.31
505,10980.175
506,17081.084
507,13273.307666666664
508,4531.276666666667
509,9377.674166666666
510,11302.2575
511,8803.7
512,4874.6630000000005
513,4323.54
514,15169.344904761905
515,7711.92
516,6957.66
517,7006.4
518,4415.83
519,3844.16
520,7089.1875
521,15755.72
522,4169.32
523,13375.184333333333
524,14447.768
525,11583.582
526,3587.97
527,11995.32
528,6251.230083333332
529,3408.2693333333336
530,6559.33
531,19952.187333333335
532,6436.86
533,15807.071499999998
534,4487.28
535,12948.655
536,14291.115666666667
537,11728.248333333335
538,4306.97
539,6048.133333333334
540,5931.8
541,4772.715
542,7897.55
543,3622.29
544,18155.57
545,14906.47
546,5045.0
547,7834.09
548,13872.899166666668
549,4321.288666666667
550,6403.589833333334
551,9633.41
552,7304.236857142857
553,8184.09
554,11849.31
555,6423.006666666667
556,3670.48
557,3951.7368333333343
558,4074.47
559,4799.073333333333
560,16003.399
561,8024.04
562,6425.81
563,12919.18
564,8518.846666666666
565,11047.94
566,15679.025
567,6180.693333333333
568,7046.12
569,6070.021333333333
570,15304.403333333332
571,6328.94
572,7954.42
573,11118.702666666666
574,13191.845
575,9372.97780952381
576,12163.3
577,10200.660476190476
578,6997.799166666668
579,9222.454
580,8556.203333333333
581,10802.531666666666
582,13142.531166666668
583,11219.55
584,6046.92
585,13074.6905
586,7736.24
587,4124.36
588,5824.29
589,4549.933333333333
590,7342.876666666666
591,9359.64
592,4811.116
593,9659.915500000001
594,11590.11
595,8295.59
596,16151.976666666667
597,5991.28
598,6560.86
599,8382.18
600,8660.25
601,9155.56
602,15368.478333333333
603,4502.87
604,6054.873333333333
605,14832.176666666664
606,6495.21
607,12214.624000000002
608,6070.95
609,10163.083333333334
610,9642.69
611,5364.833333333332
612,13802.165833333333
613,12514.978000000001
614,5262.25
615,4542.17
616,6073.56
617,4372.88
618,14077.297333333334
619,12946.743333333336
620,13946.91
621,5971.71
622,15299.433250000004
623,5521.74
624,19348.93023809524
625,16226.718666666664
626,8798.65
627,4274.96
628,12333.17375
629,3718.94
630,4011.5879999999997
631,5220.71
632,14572.51
633,16428.076666666664
634,11909.35375
635,14268.42
636,4646.67
637,15246.010999999999
638,6706.83
639,7138.35
640,14468.08
641,6429.03
642,7495.765
643,4796.16
644,12689.523666666664
645,10122.117
646,3279.936285714286
647,20217.65
648,10386.651166666668
649,7420.58
650,8464.48
651,12119.780857142858
652,6459.81
653,4801.32
654,4449.48
655,9824.203333333333
656,4344.86
657,15626.79
658,8322.03
659,6237.68
660,14934.972499999998
661,4453.91
662,14200.261523809522
663,5461.98
664,12608.349785714285
665,5487.16
666,7129.12
667,7586.15
668,7561.5
669,4193.23
670,13416.2825
671,5634.440833333334
672,7175.21
673,10529.896
674,10915.333333333336
675,11344.26
676,6371.511619047619
677,12257.747833333333
678,5044.09
679,11545.4975
680,10701.9
681,7230.17
682,5581.82
683,15566.382198412695
684,5216.37
685,6635.87
686,7720.046666666667
687,6324.51
688,9596.713666666667
689,7512.99
690,4339.28
691,17565.29
692,6720.59
693,3929.9555238095236
694,10026.298666666666
695,11938.03
696,5971.6
697,8754.88
698,15420.675
699,6479.47
700,10137.48
701,5521.47
702,6831.7
703,12601.45
704,7838.238999999999
705,8403.71
706,12986.81
707,6804.22
708,6162.570833333334
709,20494.126666666667
710,13803.403000000002
711,5465.892
712,13378.510833333336
713,8107.47
714,7867.24
715,4778.829833333333
716,14374.62
717,13202.37
718,13100.404166666667
719,18568.570833333335
720,10680.453666666666
721,9023.14
722,9746.795
723,8125.16
724,13303.82
725,11996.678666666667
726,4951.36
727,15570.595833333335
728,6136.69
729,15167.409166666668
730,4293.04
731,8729.12
732,3125.7600000000007
733,4793.64
734,14064.74
735,16195.026166666665
736,9581.07
737,8143.600833333334
738,4060.2209999999995
739,4204.82
740,13790.406000000003
741,16793.02
742,12104.812000000002
743,11689.37
744,6332.16
745,6703.21
746,5784.88
747,18941.943333333333
748,12539.622500000003
749,4697.37
750,9620.403333333334
751,6213.4
752,7519.8525
753,14847.17425
754,8584.995
755,7937.61
756,6422.82
757,8070.22
758,8342.24
759,3970.55
760,5712.81
761,15495.347428571426
762,7475.361666666667
763,5955.73
764,4515.84
765,10346.01
766,8060.335
767,3666.68
768,15392.798285714283
769,3554.34
770,7700.53
771,9543.140166666668
772,12589.915
773,4899.013333333333
774,14612.968
775,4388.815
776,9824.55
777,4863.2325
778,13632.57625
779,4672.5233333333335
780,11649.753333333332
781,7577.99
782,12896.701999999997
783,5746.66
784,12695.49546031746
785,13501.8
786,15262.235
787,5837.541666666666
788,19267.54
789,14854.792333333335
790,15948.776166666667
791,5428.314833333334
792,4628.83
793,16237.535
794,15392.798285714283
795,5124.59
796,12664.203333333335
797,3644.96
798,8051.48
799,5247.31
800,12760.374166666668
801,14970.435000000003
802,8543.51
803,14466.62816666667
804,10935.47
805,9287.772142857144
806,15910.565999999999
807,3565.5906666666665
808,9290.43
809,12149.571333333333
810,13803.403000000002
811,11978.708333333336
812,6513.0
813,6696.623333333333
814,6729.33
815,9906.851666666666
816,6928.6500000000015
817,7506.85
818,5170.04
819,12501.68
820,7101.06
821,6424.4
822,13179.32
823,16139.006000000001
824,8638.23
825,6992.36
826,3859.4214761904755
827,3944.51
828,6163.718333333332
829,12963.679666666669
830,10039.175
831,16533.32833333333
832,14559.911666666667
833,12119.336666666668
834,13089.2
835,11040.295
836,3543.6
837,10211.24
838,15568.388583333332
839,13179.39
840,6708.434166666668
841,3807.4568333333336
842,5181.57
843,6186.827333333333
844,14515.823833333336
845,13377.0
846,6091.4333333333325
847,7257.1245
848,8166.42
849,8043.441999999999
850,7944.416666666666
851,11011.99
852,7293.7
853,5672.35
854,6639.73
855,4248.3533333333335
856,13886.64
857,5542.59
858,4331.19
859,4628.42
860,11894.66
861,9775.016
862,13751.271666666667
863,12282.739333333333
864,9711.1
865,11939.52
866,4054.4
867,15515.384166666665
868,8681.44
869,4226.933333333333
870,6565.88
871,14789.699666666667
872,15517.72
873,11289.8
874,3889.61
875,23708.12
876,8203.89
877,14054.16
878,3887.3399999999992
879,7894.535333333334
880,17090.159333333333
881,4239.2
882,6329.33
883,5350.839166666668
884,17325.01125
885,13037.293333333333
886,6128.43
887,5607.341666666667
888,13178.6
889,8739.79
890,3950.01
891,3931.928166666667
892,7942.78
893,5054.56
894,4793.24
895,8226.31
896,15141.521999999999
897,7022.01
898,6706.690833333335
899,10979.52
900,3842.44
901,9740.873333333333
902,12062.685333333333
903,17095.19
904,13414.788
905,10233.69
906,4278.09
907,20798.028333333335
908,3898.23
909,6653.198666666667
910,13354.3575
911,11590.87
912,6848.9
913,3983.944777777777
914,8630.12
915,15417.651666666665
916,9941.82
917,9906.851666666666
918,4773.251333333334
919,7859.97
920,7047.54
921,12177.865333333331
922,4830.8
923,5224.31
924,7973.05
925,13726.453333333335
926,13136.702
927,14567.695
928,5245.213333333332
929,15567.64
930,5129.31
931,9356.339333333335
932,3503.0366666666664
933,6649.91
934,11114.01
935,6983.85
936,10231.82
937,13098.96
938,6484.52
939,13212.661333333335
940,10979.44
941,4191.19
942,3559.625619047619
943,14003.196333333333
944,6032.14
945,6227.18
946,4400.56
947,12315.882
948,15415.03425
949,7777.513333333333
950,13682.396666666667
951,5162.647
952,6008.92
953,13846.957833333332
954,19095.696666666667
955,3664.99
956,7638.06
957,4502.126666666667
958,9709.855
959,15898.175
960,12851.066666666668
961,10605.38
962,5727.285833333332
963,16204.308333333334
964,4700.99
965,6420.1433333333325
966,12677.665
967,4336.2
968,18568.570833333335
969,9685.7555
970,4626.716666666667
971,9886.523333333334
972,4260.67
973,3579.78
974,12551.425
975,8244.775
976,4319.22
977,16259.735
978,5064.92
979,11571.430166666665
980,11413.628333333332
981,4176.75
982,6907.61
983,11777.839523809524
984,5283.9
985,7880.74
986,4293.99
987,10835.48
988,13178.604333333333
989,3569.93
990,6530.9945
991,5589.07
992,11259.975
993,4311.17
994,15080.0225
995,5407.9169999999995
996,6774.841785714285
997,7169.068571428573
998,5971.8
999,10295.793
1000,3954.99
1001,15803.016000000001
1002,4571.21
1003,5348.12
1004,15385.345
1005,11765.47
1006,11606.84
1007,13364.664833333334
1008,8206.35
1009,4247.653333333334
1010,7106.047166666665
1011,15567.64
1012,8121.63
1013,13099.758
1014,9733.8185
1015,12077.065
1016,13580.112916666665
1017,11633.54
1018,4819.906666666667
1019,6659.348333333332
1020,6273.058833333334
1021,4863.2325
1022,15278.42
1023,10389.88
1024,5295.166666666666
1025,10952.42
1026,5773.207619047619
1027,5517.094
1028,5335.746666666666
1029,6792.711666666666
1030,4560.98
1031,12198.496666666666
1032,13524.393333333335
1033,8212.545
1034,15444.328261904759
1035,12825.645
1036,7219.79
1037,13050.380833333335
1038,7716.863333333334
1039,15628.913166666664
1040,4892.15
1041,14133.56
1042,15182.875
1043,7620.58
1044,8043.441999999999
1045,4044.94
1046,4627.06
1047,6289.79
1048,6492.45
1049,3070.1973333333335
1050,5530.98
1051,3309.901666666666
1052,5570.91
1053,3478.3340000000003
1054,11312.13
1055,4628.61
1056,14611.250904761904
1057,14925.34
1058,10004.59
1059,6832.53
1060,6136.296666666666
1061,4393.76
1062,10108.02
1063,13578.66
1064,15779.79
1065,4411.376666666666
1066,6428.274119047619
1067,5870.78
1068,7436.3
1069,4444.83
1070,8297.96
1071,10649.716666666665
1072,8625.49
1073,6311.652083333333
1074,6651.16
1075,5707.623333333333
1076,12268.530833333332
1077,14559.47
1078,6385.121666666666
1079,13883.813666666669
1080,16517.84
1081,7305.571666666668
1082,15098.067833333334
1083,15243.892
1084,7002.960666666667
1085,11976.5125
1086,12841.74
1087,19267.626
1088,10380.13
1089,13491.411833333334
1090,15638.147880952381
1091,15835.82
1092,3908.228666666667
1093,19313.94
1094,10749.205333333332
1095,11717.490833333333
1096,6626.04
1097,6694.59
1098,6233.99
1099,4053.796666666667
1100,12196.735
1101,10773.56
1102,4970.34
1103,3811.33
1104,8517.72
1105,14531.304666666665
1106,9481.026666666665
1107,16678.288500000002
1108,13424.055
1109,5503.3
1110,8498.46
1111,5289.0
1112,4339.86
1113,8550.56
1114,8812.155833333332
1115,13244.926000000001
1116,7595.6975
1117,7812.42
1118,12687.46
1119,5804.55
1120,19776.575
1121,4902.86
1122,13452.99
1123,5180.508499999999
1124,4640.44
1125,16089.58
1126,3778.413333333333
1127,11828.195
1128,5680.005
1129,4655.008
1130,12451.771666666667
1131,9702.30875
1132,8152.305166666667
1133,10380.011666666665
1134,7426.795500000002
1135,7676.35
1136,8545.65
1137,9060.76
1138,5706.76
1139,3425.12
1140,17431.63
1141,12633.308333333332
1142,6205.034523809524
1143,12636.735
1144,3550.59
1145,5275.28
1146,3696.688
1147,3497.3033333333337
1148,10814.52
1149,14969.37
1150,4653.34
1151,5497.456666666668
1152,3852.2290000000003
1153,13815.381666666668
1154,11636.823
1155,3460.3016666666676
1156,12375.445
1157,4404.669166666667
1158,12000.65
1159,3917.96
1160,5323.726809523809
1161,4114.62
1162,11746.73
1163,18028.704333333335
1164,7026.29
1165,5650.21
1166,7984.47
1167,18206.8
1168,3718.16
1169,4052.3
1170,5507.593333333332
1171,4510.88
1172,14100.795272727273
1173,7651.93
1174,11406.971666666665
1175,11955.500666666667
1176,7740.89
1177,6291.979166666666
1178,5643.46
1179,13262.15
1180,16102.430000000002
1181,8144.12
1182,14338.535
1183,7832.336000000001
1184,10572.13
1185,12354.273333333334
1186,12262.976666666666
1187,3333.075
1188,3333.075
1189,4607.0625
1190,12440.845
1191,16098.554166666665
1192,4279.15
1193,7910.685833333334
1194,10975.94
1195,5150.76
1196,9658.77
1197,13640.09
1198,4293.93
1199,3466.5576666666666
1200,16293.67
1201,6567.056666666667
1202,6265.93
1203,9844.471666666666
1204,14663.25
1205,13771.528999999999
1206,11852.406166666664
1207,5971.363333333333
1208,4396.07
1209,16253.225
1210,5240.1
1211,14854.909833333333
1212,3630.56
1213,8519.44
1214,14036.086833333333
1215,10026.925
1216,12635.905333333334
1217,4985.76
1218,13777.16
1219,7083.45
1220,10405.55
1221,6186.54
1222,4043.8194999999996
1223,8766.175
1224,8204.907333333334
1225,10748.58
1226,4915.106666666667
1227,8774.599
1228,12116.663
1229,15123.196666666665
1230,13157.71
1231,18187.565833333334
1232,3881.554666666667
1233,14447.768
1234,15254.05416666667
1235,9660.141666666668
1236,9404.8925
1237,13651.255
1238,7900.52
1239,13567.73
1240,5259.627333333334
1241,9789.986666666666
1242,5999.898333333333
1243,12576.124666666668
1244,7366.01
1245,9007.74
1246,9760.56
1247,3906.4506666666666
1248,4681.531666666666
1249,7510.73
1250,12026.04
1251,10050.06
1252,13426.61
1253,8280.861666666666
1254,13979.57
1255,7910.01
1256,15703.435
1257,15139.88
1258,4340.32
1259,5553.85
1260,8082.47
1261,14188.92
1262,13667.835
1263,13680.437
1264,6367.6349404761895
1265,6355.258333333332
1266,17298.965
1267,12739.681666666665
1268,13024.367333333332
1269,15335.424880952381
1270,12794.91
1271,15348.635
1272,13030.935
1273,8971.322999999999
1274,5912.39
1275,12908.625
1276,10992.41
1277,12438.536666666665
1278,9575.417083333334
1279,14496.84
1280,7879.746333333332
1281,13913.02
1282,6458.22
1283,5200.74
1284,8101.283333333334
1285,6205.16
1286,3664.7919999999995
1287,16644.45666666667
1288,15677.76266666667
1289,6076.98
1290,12528.84
1291,3025.9193333333333
1292,14585.41
1293,15128.095857142862
1294,13003.58
1295,6403.46
1296,6455.856666666667
1297,13105.334499999999
1298,6380.626666666666
1299,9264.12
1300,3474.72
1301,11793.25
1302,13708.241499999998
1303,9350.76
1304,13045.6025
1305,16202.481666666665
1306,5197.98
1307,13409.15
1308,7584.26
1309,14380.976666666667
1310,10408.588559523809
1311,12477.12
1312,12040.86
1313,14979.363142857143
1314,7055.519166666668
1315,4252.628333333334
1316,4309.62
1317,13477.71
1318,12057.745
1319,8010.16
1320,8221.95
1321,4809.91
1322,6342.31
1323,4437.34
1324,4457.15
1325,14144.509166666665
1326,5167.12
1327,13408.5
1328,6644.6
1329,4846.04
1330,4755.1575
1331,12101.996666666666
1332,12299.35
1333,9615.97
1334,10415.84
1335,12331.12
1336,12305.830833333333
1337,15647.385
1338,12750.960500000001
1339,11608.6275
1340,7984.96
1341,11419.83
1342,15900.4975
1343,3490.2595
1344,5907.31
1345,12257.858333333332
1346,16631.0115
1347,16488.343333333334
1348,6368.669404761906
1349,12757.79
1350,12959.483333333335
1351,17478.15
1352,12162.62
1353,6206.391
1354,12602.912
1355,12277.2
1356,3452.9276666666665
1357,6037.5
1358,6632.03
1359,5930.07
1360,12703.585
1361,3763.42
1362,12913.0325
1363,6248.7025
1364,12675.357916666666
1365,6293.193333333334
1366,4105.85
1367,11359.35
1368,8225.55
1369,15268.066666666668
1370,13450.83
1371,5878.825
1372,5952.664666666667
1373,8273.601666666667
1374,7025.51
1375,12051.956666666667
1376,10196.77
1377,13624.92
1378,8539.49
1379,11494.18
1380,15527.1
1381,10569.26
1382,4494.365
1383,5774.8166666666675
1384,14058.295833333332
1385,7497.171833333334
1386,6146.785
1387,9508.9
1388,4849.596666666666
1389,15566.382198412695
1390,4360.02
1391,3737.02
1392,7536.043333333332
1393,5622.62
1394,11548.848333333333
1395,6782.888499999998
1396,8418.095
1397,6347.17
1398,4290.78
1399,6783.63
1400,6898.58
1401,3519.344666666666
1402,4125.95
1403,9854.593666666666
1404,10845.53
1405,7679.787666666667
1406,5224.07
1407,3888.12
1408,14837.183333333332
1409,3184.2582857142866
1410,13769.225
1411,3930.485
1412,12544.67
1413,6283.8455
1414,7721.42
1415,12166.755666666666
1416,17229.959
1417,7975.65
1418,19000.825
1419,13793.190833333332
1420,13488.685
1421,13120.585833333334
1422,11480.781
1423,4835.9
1424,14032.262333333334
1425,7145.35
1426,15513.179166666667
1427,3571.74
1428,4741.505
1429,4638.95
1430,10418.43
1431,9531.716999999999
1432,11635.99
1433,12190.955809523808
1434,16353.313333333335
1435,8204.5
1436,12197.2325
1437,5432.686666666667
1438,5010.112952380952
1439,8165.93
1440,6217.28
1441,3926.9033333333336
1442,13612.25
1443,12283.805833333332
1444,4499.17
1445,6478.77
1446,4898.06
1447,4445.688
1448,7593.57
1449,12025.73
1450,6445.04
1451,13074.55
1452,5181.7
1453,3719.2065000000002
1454,16110.761666666667
1455,6298.63
1456,13790.139
1457,12192.296666666665
1458,12066.47683333333
1459,10998.41
1460,8515.4
1461,17294.056666666667
1462,14567.695
1463,6128.87
1464,4004.39
1465,6002.64
1466,4499.74
1467,6211.075833333333
1468,12678.294761904763
1469,19839.84
1470,18128.76
1471,13484.666333333333
1472,10156.788666666667
1473,8601.88
1474,16942.0375
1475,4828.05
1476,4429.085
1477,5629.27
1478,12735.015
1479,12815.5525
1480,8583.37
1481,5701.41
1482,12321.385833333336
1483,14131.49
1484,13494.667333333331
1485,4904.67
1486,3890.4026666666673
1487,7239.845833333334
1488,12742.455
1489,7362.05
1490,17325.53
1491,12142.439166666665
1492,6898.62
1493,5795.2975
1494,13490.37
1495,3752.4
1496,9887.94
1497,5781.215
1498,17156.875
1499,11231.855
1500,23765.55
1501,13200.525
1502,4009.64
1503,13623.37
1504,10998.41
1505,11601.061666666668
1506,4185.76
1507,12042.326666666668
1508,14367.448333333336
1509,4174.61
1510,6740.63
1511,15732.47
1512,12936.138333333334
1513,7480.23
1514,4092.0219999999995
1515,13432.344999999998
1516,15261.645833333332
1517,11222.924833333334
1518,14392.77366666667
1519,4704.01
1520,5425.28
1521,3953.516666666667
1522,3771.481333333333
1523,4413.261333333333
1524,15357.454
1525,13581.07633333333
1526,7676.590999999999
1527,18252.252
1528,5211.83
1529,15190.37
1530,4549.14
1531,4880.8255
1532,9832.745
1533,4455.44
1534,6559.09
1535,5373.66
1536,12812.89
1537,15542.2925
1538,9269.61
1539,16170.489333333333
1540,6331.675833333333
1541,5502.46
1542,13415.52
1543,5272.113666666667
1544,4999.66
1545,12539.250833333335
1546,9702.515
1547,13609.47
1548,9552.363833333331
1549,6544.21
1550,12030.575833333332
1551,10291.23
1552,7590.37
1553,12405.8675
1554,12224.04
1555,10521.64380952381
1556,16797.36
1557,13471.355
1558,15520.438333333332
1559,11752.154380952381
1560,16812.81
1561,15956.537976190479
1562,5015.92
1563,11338.540833333333
1564,8097.7
1565,8093.43
1566,4546.415404761905
1567,10128.86
1568,6388.515
1569,9621.976333333332
1570,11241.28
1571,3887.200333333333
1572,3376.3479999999995
1573,5851.088333333334
1574,8539.27
1575,6085.5
1576,5636.24
1577,12229.584642857144
1578,5972.78
1579,12693.637142857144
1580,5492.128666666667
1581,10821.7255
1582,14432.428000000004
1583,11028.065
1584,10524.935
1585,14135.518333333333
1586,11665.254928571429
1587,4050.114583333334
1588,3415.508333333333
1589,3229.2253333333333
1590,6057.153833333333
1591,6546.389666666667
1592,14077.696000000002
1593,20626.71
1594,4033.29
1595,12651.265
1596,13045.773833333335
1597,10447.544833333333
1598,14253.402
1599,12924.183333333332
1600,3807.5706666666665
1601,4277.09
1602,15833.166666666664
1603,14854.7545
1604,7449.61
1605,7832.14
1606,6414.81
1607,6801.44
1608,8470.454666666665
1609,12315.157833333335
1610,13473.709499999999
1611,7213.461666666666
1612,7748.29
1613,3935.9953333333333
1614,8771.04
1615,4805.05
1616,5607.341666666667
1617,6101.015333333333
1618,5179.83
1619,6907.04
1620,6347.26
1621,6461.25
1622,21532.585404761903
1623,14409.451000000001
1624,3404.365333333333
1625,4037.55
1626,13026.165833333333
1627,7880.3741666666665
1628,12146.085809523807
1629,6330.655
1630,12581.113333333335
1631,13549.621666666668
1632,6786.27
1633,13496.5
1634,12050.572
1635,7685.26
1636,14340.63
1637,10002.734666666667
1638,4854.75
1639,12832.431666666665
1640,18405.3475
1641,5250.69
1642,5503.02
1643,13934.105833333335
1644,3452.9276666666665
1645,15113.848666666667
1646,6271.12
1647,7868.046666666666
1648,12146.085809523807
1649,12601.350476190475
1650,5995.02
1651,4207.2
1652,14479.893666666667
1653,4788.27
1654,6382.792666666667
1655,15807.125
1656,4250.09
1657,3902.7499999999995
1658,14062.152
1659,13849.028452380951
1660,12983.935
1661,13288.77
1662,13674.207142857143
1663,6453.0265
1664,10926.81
1665,7868.49
1666,5247.13
1667,6229.64
1668,16021.195777777775
1669,15993.065
1670,4436.77
1671,5555.293333333334
1672,12538.591666666667
1673,13931.598333333333
1674,4343.73
1675,12863.56
1676,14567.519166666665
1677,15221.259500000002
1678,13084.414166666667
1679,6014.930666666666
1680,4775.7875
1681,4652.32
1682,11141.457785714283
1683,12677.390666666664
1684,8807.57
1685,8234.7
1686,15262.235
1687,6153.3975
1688,4884.2598333333335
1689,11574.98
1690,16535.45
1691,5174.602833333333
1692,9789.986666666666
1693,6328.083
1694,13211.85
1695,6472.66
1696,3217.86
1697,4899.02
1698,15158.360666666667
1699,4529.22
1700,14739.85
1701,7115.23
1702,4393.38
1703,13572.34595238095
1704,6509.92
1705,6837.791666666666
1706,11679.990833333335
1707,10608.706666666667
1708,14557.553392857148
1709,10868.772000000003
1710,8488.134833333334
1711,9637.84
1712,13783.185142857144
1713,5602.12
1714,5705.789166666667
1715,13345.734666666667
1716,8139.24
1717,3415.508333333333
1718,13027.095
1719,7114.112666666666
1720,4096.61
1721,3349.952
1722,12826.058333333334
1723,15576.171214285714
1724,13202.932833333336
1725,13745.413833333332
1726,8821.67
1727,9750.5975
1728,18239.32
1729,6639.59
1730,6134.62
1731,9929.14
1732,3628.44
1733,11482.878999999999
1734,8111.74
1735,14010.422023809522
1736,9709.0
1737,13339.0835
1738,16566.81
1739,3894.06
1740,8493.36
1741,13790.406000000003
1742,7125.6
1743,14773.79
1744,13529.275
1745,3239.0266666666666
1746,5521.05
1747,13075.6855
1748,5256.52
1749,17465.795
1750,9893.97
1751,8331.76
1752,7700.53
1753,17298.965
1754,4572.9
1755,8782.97
1756,13919.691
1757,5381.0666666666675
1758,5695.78
1759,12742.05
1760,14365.466166666667
1761,6069.78
1762,7785.085
1763,6010.95
1764,16423.215
1765,6838.983333333333
1766,4234.06
1767,7923.88
1768,4521.090333333334
1769,5169.35
1770,7599.38
1771,14983.085333333334
1772,6178.0075
1773,4004.7900000000004
1774,4179.2
1775,13249.54
1776,5166.0
1777,7504.25
1778,4550.05
1779,6122.705
1780,3859.22
1781,12128.47
1782,6298.2
1783,11608.6275
1784,5902.95
1785,13682.11
1786,4050.114583333334
1787,6432.04
1788,15162.846666666665
1789,7618.873333333333
1790,4702.863333333334
1791,4402.0
1792,15756.257666666665
1793,6576.31
1794,7755.09
1795,13249.313333333335
1796,4200.39
1797,14177.115833333333
1798,14427.990999999996
1799,5250.18
1800,3437.5306666666665
1801,5217.99
1802,62303.51
1803,4999.6883333333335
1804,10684.28
1805,12241.94
1806,14159.639
1807,12409.02
1808,3158.9866666666667
1809,15648.1
1810,6499.24
1811,7819.4
1812,13575.71
1813,13818.3725
1814,4692.09
1815,13585.7475
1816,15989.255833333335
1817,12431.046499999999
1818,8043.843333333334
1819,11902.55
1820,4798.027333333333
1821,3579.7205
1822,14133.85
1823,7211.699166666666
1824,8131.83
1825,11897.9025
1826,8417.545
1827,4466.783333333334
1828,5018.32
1829,7621.56
1830,13391.7
1831,13750.968833333332
1832,5244.96
1833,3920.605
1834,13805.508
1835,7428.05
1836,13981.058
1837,4711.92
1838,11334.72
1839,15761.156333333332
1840,12337.515333333333
1841,8111.95
1842,7185.88
1843,4797.08
1844,6013.32
1845,8461.72
1846,15853.816666666666
1847,12511.314500000002
1848,14103.479709956711
1849,14311.08
1850,13329.92
1851,13706.62
1852,12486.066666666668
1853,5378.08
1854,6732.230666666666
1855,6786.816666666667
1856,3545.5266666666666
1857,4348.6033333333335
1858,8667.039166666667
1859,15693.394333333332
1860,6659.348333333332
1861,19159.527142857143
1862,7375.5216666666665
1863,10754.21
1864,10471.78
1865,3565.5906666666665
1866,8144.85
1867,12036.895
1868,13577.211666666664
1869,12795.489166666664
1870,4872.83
1871,9580.335
1872,4644.48
1873,7173.599666666668
1874,7702.628333333334
1875,4051.44
1876,12351.03
1877,15100.923333333332
1878,11859.66
1879,15843.054166666665
1880,13415.152500000002
1881,4302.2
1882,3163.7506666666663
1883,4464.11
1884,6122.8225
1885,3927.52
1886,8991.12
1887,3771.85
1888,12645.82
1889,13137.88
1890,9818.06
1891,11738.79
1892,20380.82
1893,7868.879
1894,12828.41
1895,7405.58
1896,12946.273000000001
1897,15483.897333333334
1898,8593.83
1899,14666.882333333331
1900,4249.1865
1901,5610.380666666667
1902,15181.7525
1903,10419.943333333335
1904,11458.606333333333
1905,9322.088
1906,5241.95
1907,5180.325333333333
1908,6932.81
1909,3864.15
1910,20293.091666666667
1911,14368.993333333332
1912,5363.445
1913,12781.818500000001
1914,11750.091
1915,6268.215
1916,16353.313333333335
1917,12279.357333333333
1918,13355.15
1919,3785.425
1920,14112.2275
1921,12768.07
1922,5599.534000000001
1923,6926.77
1924,8247.57
1925,14932.354166666664
1926,12379.53
1927,5777.83
1928,4761.9675
1929,13508.229285714286
1930,12040.796666666667
1931,3449.78
1932,8773.66
1933,6111.39
1934,5466.531999999999
1935,5800.165
1936,5022.736666666667
1937,12197.2325
1938,8199.72
1939,4219.46
1940,13371.613166666666
1941,5853.02
1942,10724.94
1943,12851.066666666668
1944,6597.33
1945,18871.246666666666
1946,4732.778333333334
1947,11711.503333333334
1948,6264.396833333332
1949,7700.58
1950,5442.0
1951,5644.37
1952,11813.33
1953,9382.7
1954,10139.47
1955,16965.16
1956,12636.329523809523
1957,11868.110333333332
1958,7846.167833333333
1959,15266.663333333332
1960,6169.496666666666
1961,13525.4555
1962,11480.781
1963,5981.8893333333335
1964,4362.5
1965,6867.44
1966,5556.6
1967,5292.57
1968,16005.2975
1969,8050.65
1970,6378.69
1971,7183.67
1972,7244.3175
1973,13618.07
1974,4046.77
1975,13845.0
1976,5195.05
1977,4344.9
1978,14010.422023809522
1979,10414.7675
1980,13541.791833333333
1981,5861.9425
1982,3920.59
1983,15012.08
1984,3977.1603333333333
1985,13471.9
1986,9362.13
1987,5941.39
1988,7306.19
1989,7772.35
1990,7127.8195000000005
1991,12340.730833333335
1992,6017.528333333334
1993,16160.18
1994,8176.74
1995,11550.627
1996,4354.42
1997,12580.743095238095
1998,4877.85
1999,8797.09
2000,3967.0986666666668
2001,7975.57
2002,12884.56
2003,5393.07
2004,5842.775
2005,4399.55
2006,8093.04
2007,13769.225
2008,12120.84
2009,9034.688
2010,16038.851999999997
2011,6918.88
2012,6395.437000000001
2013,4323.25
2014,5840.2941666666675
2015,17643.202333333335
2016,6826.648333333333
2017,4771.838333333334
2018,9590.17
2019,6546.25
2020,8760.64
2021,11799.58
2022,3584.19
2023,3719.767333333333
2024,9701.067476190476
2025,3859.12
2026,5981.88
2027,6080.54
2028,4672.365
2029,6986.88
2030,4242.54
2031,5615.705
2032,5174.602833333333
2033,12681.2775
2034,4701.44
2035,5796.031666666666
2036,6054.675
2037,6369.56
2038,6225.6874761904755
2039,13523.4
2040,10964.59
2041,6048.91
2042,12693.637142857144
2043,11075.02
2044,13355.81
2045,7563.38
2046,11174.982
2047,7577.195333333333
2048,10250.96
2049,11821.59
2050,4025.703
2051,3287.831285714286
2052,8160.96
2053,15249.096666666665
2054,4396.59
2055,13290.7575
2056,6021.07
2057,8849.8555
2058,3336.3738095238095
2059,15049.59
2060,13580.112916666665
2061,12315.157833333335
2062,3244.864333333333
2063,5945.613333333333
2064,12203.882396825396
2065,15234.669198412697
2066,8761.760000000002
2067,4426.89
2068,6248.7025
2069,10491.04
2070,5395.65
2071,6854.58
2072,14694.628333333334
2073,5300.806166666667
2074,5292.64
2075,6392.17
2076,7042.338333333334
2077,12520.033333333333
2078,6458.36
2079,7248.900166666666
2080,12340.243833333336
2081,7937.92
2082,10255.33
2083,12440.845
2084,7730.999333333335
2085,19298.14
2086,15596.776666666667
2087,12459.230166666668
2088,12068.489428571427
2089,3848.1489999999994
2090,12715.133333333335
2091,5845.95
2092,5858.181666666667
2093,12159.176666666668
2094,3350.5478095238095
2095,15807.071499999998
2096,19696.8525
2097,4089.373333333333
2098,8011.6
2099,12897.389666666666
2100,12838.348333333335
2101,12865.16
2102,6690.336666666666
2103,7741.045
2104,3839.4899999999993
2105,7427.595
2106,6159.35
2107,4259.94
2108,3437.37
2109,12309.6
2110,9406.47
2111,6520.56
2112,5930.92
2113,12257.776666666665
2114,12099.38
2115,12149.86
2116,6328.923333333332
2117,12964.71
2118,4602.326666666667
2119,17810.255
2120,14756.677333333333
2121,8628.18
2122,5122.48
2123,9337.994166666665
2124,4397.78
2125,16979.46
2126,14678.655
2127,5794.86
2128,5585.718333333332
2129,3869.79
2130,5014.62
2131,13084.098095238094
2132,5578.6
2133,5903.012000000001
2134,4399.85
2135,14077.696000000002
2136,7189.29
2137,4257.82
2138,6220.11
2139,13699.3225
2140,11631.3
2141,3555.1914999999995
2142,5496.25
2143,4330.0775
2144,15354.925833333333
2145,9893.69
2146,4046.44
2147,6949.185
2148,12611.759833333334
2149,7599.49
2150,4136.165
2151,9491.677666666666
2152,4718.92
2153,3232.037333333333
2154,6711.98
2155,16163.196000000002
2156,12925.682916666665
2157,8069.1
2158,20679.59
2159,13058.27
2160,5241.25
2161,9489.2195
2162,5458.72
2163,14833.6055
2164,11889.587333333335
2165,6376.055
2166,7903.28
2167,14476.226166666667
2168,6735.67
2169,3355.6133333333332
2170,10597.974499999997
2171,15833.166666666664
2172,4803.2
2173,13917.12
2174,5485.84
2175,12858.518999999998
2176,8609.84
2177,13524.255833333335
2178,5064.0
2179,6395.46
2180,6850.435
2181,6712.44
2182,15835.161023809525
2183,13948.4695
2184,6922.31
2185,8747.2
2186,8491.9
2187,17253.97033333333
2188,12468.94
2189,13427.65419047619
2190,6580.6
2191,4060.8641428571427
2192,6185.175
2193,8438.23
2194,12313.523000000001
2195,20013.27
2196,12981.946833333333
2197,5278.345833333334
2198,5563.268571428572
2199,3449.596666666667
2200,14334.505
2201,15144.08
2202,14484.7025
2203,14144.0375
2204,9261.89
2205,7020.94
2206,4187.67
2207,18306.942
2208,5808.7
2209,10281.75
2210,3630.0386666666664
2211,15598.828333333335
2212,12988.461666666668
2213,7795.561833333333
2214,12823.49
2215,6404.64
2216,14094.496666666666
2217,3897.234666666667
2218,6192.175
2219,14878.735
2220,9667.43
2221,11616.056666666667
2222,10219.390666666668
2223,13141.5425
2224,4014.03
2225,6285.61
2226,12934.325
2227,6788.42
2228,7560.083333333334
2229,12433.7
2230,12672.965
2231,11720.35
2232,14097.87
2233,7201.362666666666
2234,8172.98
2235,9369.56
2236,11888.49
2237,16253.891666666665
2238,3132.797833333334
2239,7136.8
2240,6270.01
2241,12915.846666666668
2242,13555.733333333332
2243,4321.69
2244,3211.762761904763
2245,9738.827142857142
2246,14585.573333333336
2247,4081.627333333334
2248,13174.078333333333
2249,5134.075
2250,5284.906666666666
2251,13649.816
2252,13097.261
2253,12496.035
2254,5453.76
2255,4296.71
2256,5917.2
2257,13297.681333333336
2258,13944.02316666667
2259,14725.168666666666
2260,5645.39
2261,15528.855
2262,3246.2523333333334
2263,7458.326666666666
2264,6783.63
2265,13894.216833333334
2266,3405.7860000000005
2267,12903.94
2268,7173.599666666668
2269,4806.95
2270,11842.77
2271,5421.69
2272,15234.669198412697
2273,16942.0375
2274,9413.19
2275,11829.035333333331
2276,13953.421500000002
2277,5507.01
2278,13309.285
2279,7296.4490000000005
2280,5138.162666666667
2281,5428.2155
2282,14140.72
2283,7734.02
2284,12206.220833333335
2285,15169.344904761905
2286,15003.08
2287,4993.32
2288,6694.69
2289,12967.616666666667
2290,11151.67
2291,7377.0
2292,4804.186166666667
2293,10425.58
2294,14432.6475
2295,6810.976500000001
2296,10362.57
2297,9455.552833333333
2298,15831.8295
2299,12716.315
2300,14911.28917857143
2301,10110.820738095239
2302,8026.29
2303,7438.8535
2304,13695.762999999999
2305,3560.54
2306,6843.47
2307,8539.75
2308,12067.71
2309,8504.986666666666
2310,12309.6
2311,4084.57
2312,13123.961571428574
2313,8326.83
2314,15833.166666666664
2315,12759.283333333335
2316,4292.6
2317,4426.496666666666
2318,13046.654000000002
2319,6444.67
2320,6362.55
2321,8465.76
2322,4699.471666666667
2323,13947.39
2324,14950.251666666667
2325,5447.698
2326,13112.320785714288
2327,19046.603333333333
2328,14519.688
2329,4281.24
2330,7606.75
2331,15837.034166666665
2332,14684.201666666668
2333,7699.1793333333335
2334,13953.421500000002
2335,7716.014833333333
2336,14362.17
2337,14504.743333333332
2338,5137.79
2339,15313.23225
2340,12985.448333333336
2341,17090.371666666666
2342,12107.641523809523
2343,3514.31
2344,8883.245
2345,4416.8533333333335
2346,12166.0325
2347,7982.01
2348,11368.898333333334
2349,13045.773833333335
2350,13596.92
2351,13222.055
2352,6218.14
2353,7187.213333333332
2354,10440.219166666666
2355,10255.23
2356,3640.02
2357,4203.93
2358,16092.199166666669
2359,18287.915
2360,15306.063333333332
2361,4370.87
2362,9725.1225
2363,8580.58
2364,5191.33
2365,11550.627
2366,12583.0925
2367,14201.91
2368,6422.833333333334
2369,4982.75
2370,4324.193333333334
2371,6849.4475
2372,15629.632
2373,13079.62
2374,11070.9425
2375,6564.46
2376,16071.9825
2377,7088.06
2378,5341.54
2379,14915.99
2380,4528.09
2381,3937.87
2382,4669.2835
2383,6368.8835714285715
2384,4508.19
2385,10390.2945
2386,8881.34
2387,3606.215
2388,9482.080833333333
2389,12872.4525
2390,8850.561666666666
2391,16950.041333333334
2392,10207.201
2393,9766.551666666666
2394,15700.603333333333
2395,16799.783333333333
2396,7512.173333333332
2397,14047.963333333335
2398,4049.1
2399,8390.255
2400,14564.080833333335
2401,12119.780857142858
2402,11833.2125
2403,4648.82
2404,15335.39
2405,3466.8193333333334
2406,13780.568000000001
2407,14594.9
2408,8948.29
2409,9623.784333333333
2410,6973.49
2411,4581.06
2412,8197.56
2413,3329.8148333333334
2414,5475.57
2415,5128.42
2416,12088.955
2417,4295.41
2418,10384.24
2419,8332.49
2420,9034.688
2421,5515.885
2422,15133.645
2423,5218.08
2424,12265.205
2425,7464.55
2426,12126.381166666666
2427,3518.937619047619
2428,14287.163
2429,15243.892
2430,6089.81
2431,9912.96
2432,9359.91
2433,13123.961571428574
2434,5938.88
2435,13877.44375
2436,4046.82
2437,13237.139166666668
2438,19666.01583333333
2439,3983.0
2440,12727.2
2441,6530.9945
2442,10857.01
2443,4382.876666666667
2444,13115.5275
2445,9060.92
2446,3796.03
2447,3565.961666666666
2448,12051.835952380949
2449,9904.118
2450,8718.63
2451,7619.05
2452,6595.541666666666
2453,11942.39
2454,4419.85
2455,14244.104333333331
2456,6665.69
2457,6311.493833333333
2458,11417.091
2459,3988.85
2460,13076.89
2461,6829.68
2462,13848.127142857144
2463,16724.3275
2464,13429.954166666665
2465,5218.619333333333
2466,15161.883333333335
2467,3676.7066666666665
2468,4588.69
2469,7008.9775
2470,15068.67
2471,13404.0
2472,12041.998666666665
2473,13664.56
2474,4859.99
2475,9339.03
2476,14534.554666666665
2477,3584.19
2478,13808.205
2479,9618.54
2480,13887.332999999999
2481,4928.72
2482,5219.19
2483,3993.04
2484,10679.758666666667
2485,7970.31
2486,14836.6065
2487,28114.57
2488,13923.46
2489,6988.33
2490,18089.77
2491,12006.59
2492,19181.716666666667
2493,7887.33
2494,12036.596666666668
2495,3822.3352857142863
2496,14905.526666666665
2497,4817.326666666666
2498,16977.06
2499,7034.22
2500,4526.82
2501,3761.9
2502,5038.8060000000005
2503,12283.805833333332
2504,4168.6
2505,3641.55
2506,6666.2
2507,8055.89
2508,12833.87
2509,11368.23
2510,11623.804333333333
2511,11070.73
2512,4984.935
2513,15837.808333333332
2514,4457.71
2515,7750.33
2516,13831.38
2517,5378.14
2518,6229.12
2519,14556.748083333334
2520,8074.2475
2521,14856.428333333333
2522,3992.4013333333332
2523,12759.283333333335
2524,13883.36
2525,6857.15
2526,3657.99
2527,16426.796666666665
2528,4254.905333333332
2529,13267.817142857144
2530,9787.26
2531,15413.62
2532,3757.76
2533,15568.331666666667
2534,5683.4
2535,5861.93
2536,11419.83
2537,12511.560166666668
2538,8032.47
2539,4385.47
2540,14872.32
2541,6509.68
2542,6218.14
2543,4060.6493333333333
2544,4812.304
2545,13097.112833333334
2546,7299.4275
2547,10284.278166666667
2548,4099.53
2549,13244.926000000001
2550,4909.74
2551,4409.2
2552,6092.313333333333
2553,14557.553392857148
2554,4500.714666666666
2555,3694.72
2556,9599.046666666667
2557,4506.31
2558,9926.750666666667
2559,3329.8148333333334
2560,12042.326666666668
2561,13632.57625
2562,12995.64
2563,6691.32
2564,17097.99
2565,6352.026666666667
2566,4617.06
2567,3462.39
2568,16098.554166666665
2569,16791.526
2570,3520.13
2571,6269.249666666667
2572,4964.718333333333
2573,8702.838333333333
2574,15650.941666666666
2575,13259.515
2576,3993.1
2577,12823.675
2578,14864.61
2579,5560.09
2580,4356.38
2581,20161.068571428572
2582,12331.12
2583,6649.91
2584,4998.56
2585,17560.16375
2586,15899.726999999997
2587,7692.915
2588,7379.4345
2589,13347.275
2590,4472.09
2591,6421.08
2592,14347.31
2593,13812.41
2594,12535.767000000002
2595,4007.2740000000003
2596,6574.951666666668
2597,5498.71
2598,13704.03
2599,7493.8
2600,7760.33
2601,5937.62
2602,16770.8875
2603,7500.58
2604,8717.3
2605,6365.27
2606,13677.4975
2607,16610.05
2608,4506.0
2609,3070.1973333333335
2610,3625.813952380952
2611,8008.28
2612,17648.145
2613,3843.235333333333
2614,4067.01
2615,15804.3375
2616,5066.1849999999995
2617,7599.303333333333
2618,14136.278333333332
2619,8599.89
2620,13794.404333333336
2621,5384.65
2622,7885.540833333333
2623,6714.09
2624,4612.725333333333
2625,5683.6975
2626,6144.826666666668
2627,13395.49
2628,7171.988333333334
2629,5048.64
2630,6723.9
2631,13547.83
2632,4566.500333333334
2633,5877.87
2634,6321.92
2635,10983.7
2636,19204.743833333334
2637,6913.9546666666665
2638,9619.69
2639,10121.7
2640,4041.34
2641,13504.0
2642,14512.398333333333
2643,14432.906666666668
2644,11104.46
2645,13202.346666666668
2646,17232.98625
2647,13670.665
2648,5902.476666666667
2649,3476.955
2650,11792.518666666667
2651,12392.673666666667
2652,12930.778833333334
2653,13537.853666666668
2654,13002.88
2655,6683.26
2656,11972.537
2657,7673.58
2658,13228.68
2659,15598.026833333333
2660,11879.76
2661,12051.835952380949
2662,3590.68
2663,6629.45
2664,6856.58
2665,3238.735333333333
2666,9604.84
2667,4609.413333333333
2668,17070.74
2669,13552.52
2670,7555.1
